       256
   6.250000e-02   2.500000e-01   3.562500e+00
   1.875000e-01   2.500000e-01   3.562500e+00
   3.125000e-01   2.500000e-01   3.562500e+00
   4.375000e-01   2.500000e-01   3.562500e+00
   6.250000e-02   2.500000e-01   3.687500e+00
   1.875000e-01   2.500000e-01   3.687500e+00
   3.125000e-01   2.500000e-01   3.687500e+00
   4.375000e-01   2.500000e-01   3.687500e+00
   6.250000e-02   2.500000e-01   3.812500e+00
   1.875000e-01   2.500000e-01   3.812500e+00
   3.125000e-01   2.500000e-01   3.812500e+00
   4.375000e-01   2.500000e-01   3.812500e+00
   6.250000e-02   2.500000e-01   3.937500e+00
   1.875000e-01   2.500000e-01   3.937500e+00
   3.125000e-01   2.500000e-01   3.937500e+00
   4.375000e-01   2.500000e-01   3.937500e+00
   5.625000e-01   2.500000e-01   3.562500e+00
   6.875000e-01   2.500000e-01   3.562500e+00
   8.125000e-01   2.500000e-01   3.562500e+00
   9.375000e-01   2.500000e-01   3.562500e+00
   5.625000e-01   2.500000e-01   3.687500e+00
   6.875000e-01   2.500000e-01   3.687500e+00
   8.125000e-01   2.500000e-01   3.687500e+00
   9.375000e-01   2.500000e-01   3.687500e+00
   5.625000e-01   2.500000e-01   3.812500e+00
   6.875000e-01   2.500000e-01   3.812500e+00
   8.125000e-01   2.500000e-01   3.812500e+00
   9.375000e-01   2.500000e-01   3.812500e+00
   5.625000e-01   2.500000e-01   3.937500e+00
   6.875000e-01   2.500000e-01   3.937500e+00
   8.125000e-01   2.500000e-01   3.937500e+00
   9.375000e-01   2.500000e-01   3.937500e+00
   1.062500e+00   2.500000e-01   3.562500e+00
   1.187500e+00   2.500000e-01   3.562500e+00
   1.312500e+00   2.500000e-01   3.562500e+00
   1.437500e+00   2.500000e-01   3.562500e+00
   1.062500e+00   2.500000e-01   3.687500e+00
   1.187500e+00   2.500000e-01   3.687500e+00
   1.312500e+00   2.500000e-01   3.687500e+00
   1.437500e+00   2.500000e-01   3.687500e+00
   1.062500e+00   2.500000e-01   3.812500e+00
   1.187500e+00   2.500000e-01   3.812500e+00
   1.312500e+00   2.500000e-01   3.812500e+00
   1.437500e+00   2.500000e-01   3.812500e+00
   1.062500e+00   2.500000e-01   3.937500e+00
   1.187500e+00   2.500000e-01   3.937500e+00
   1.312500e+00   2.500000e-01   3.937500e+00
   1.437500e+00   2.500000e-01   3.937500e+00
   1.562500e+00   2.500000e-01   3.562500e+00
   1.687500e+00   2.500000e-01   3.562500e+00
   1.812500e+00   2.500000e-01   3.562500e+00
   1.937500e+00   2.500000e-01   3.562500e+00
   1.562500e+00   2.500000e-01   3.687500e+00
   1.687500e+00   2.500000e-01   3.687500e+00
   1.812500e+00   2.500000e-01   3.687500e+00
   1.937500e+00   2.500000e-01   3.687500e+00
   1.562500e+00   2.500000e-01   3.812500e+00
   1.687500e+00   2.500000e-01   3.812500e+00
   1.812500e+00   2.500000e-01   3.812500e+00
   1.937500e+00   2.500000e-01   3.812500e+00
   1.562500e+00   2.500000e-01   3.937500e+00
   1.687500e+00   2.500000e-01   3.937500e+00
   1.812500e+00   2.500000e-01   3.937500e+00
   1.937500e+00   2.500000e-01   3.937500e+00
   2.062500e+00   2.500000e-01   3.562500e+00
   2.187500e+00   2.500000e-01   3.562500e+00
   2.312500e+00   2.500000e-01   3.562500e+00
   2.437500e+00   2.500000e-01   3.562500e+00
   2.062500e+00   2.500000e-01   3.687500e+00
   2.187500e+00   2.500000e-01   3.687500e+00
   2.312500e+00   2.500000e-01   3.687500e+00
   2.437500e+00   2.500000e-01   3.687500e+00
   2.062500e+00   2.500000e-01   3.812500e+00
   2.187500e+00   2.500000e-01   3.812500e+00
   2.312500e+00   2.500000e-01   3.812500e+00
   2.437500e+00   2.500000e-01   3.812500e+00
   2.062500e+00   2.500000e-01   3.937500e+00
   2.187500e+00   2.500000e-01   3.937500e+00
   2.312500e+00   2.500000e-01   3.937500e+00
   2.437500e+00   2.500000e-01   3.937500e+00
   2.562500e+00   2.500000e-01   3.562500e+00
   2.687500e+00   2.500000e-01   3.562500e+00
   2.812500e+00   2.500000e-01   3.562500e+00
   2.937500e+00   2.500000e-01   3.562500e+00
   2.562500e+00   2.500000e-01   3.687500e+00
   2.687500e+00   2.500000e-01   3.687500e+00
   2.812500e+00   2.500000e-01   3.687500e+00
   2.937500e+00   2.500000e-01   3.687500e+00
   2.562500e+00   2.500000e-01   3.812500e+00
   2.687500e+00   2.500000e-01   3.812500e+00
   2.812500e+00   2.500000e-01   3.812500e+00
   2.937500e+00   2.500000e-01   3.812500e+00
   2.562500e+00   2.500000e-01   3.937500e+00
   2.687500e+00   2.500000e-01   3.937500e+00
   2.812500e+00   2.500000e-01   3.937500e+00
   2.937500e+00   2.500000e-01   3.937500e+00
   3.062500e+00   2.500000e-01   3.562500e+00
   3.187500e+00   2.500000e-01   3.562500e+00
   3.312500e+00   2.500000e-01   3.562500e+00
   3.437500e+00   2.500000e-01   3.562500e+00
   3.062500e+00   2.500000e-01   3.687500e+00
   3.187500e+00   2.500000e-01   3.687500e+00
   3.312500e+00   2.500000e-01   3.687500e+00
   3.437500e+00   2.500000e-01   3.687500e+00
   3.062500e+00   2.500000e-01   3.812500e+00
   3.187500e+00   2.500000e-01   3.812500e+00
   3.312500e+00   2.500000e-01   3.812500e+00
   3.437500e+00   2.500000e-01   3.812500e+00
   3.062500e+00   2.500000e-01   3.937500e+00
   3.187500e+00   2.500000e-01   3.937500e+00
   3.312500e+00   2.500000e-01   3.937500e+00
   3.437500e+00   2.500000e-01   3.937500e+00
   3.562500e+00   2.500000e-01   3.562500e+00
   3.687500e+00   2.500000e-01   3.562500e+00
   3.812500e+00   2.500000e-01   3.562500e+00
   3.937500e+00   2.500000e-01   3.562500e+00
   3.562500e+00   2.500000e-01   3.687500e+00
   3.687500e+00   2.500000e-01   3.687500e+00
   3.812500e+00   2.500000e-01   3.687500e+00
   3.937500e+00   2.500000e-01   3.687500e+00
   3.562500e+00   2.500000e-01   3.812500e+00
   3.687500e+00   2.500000e-01   3.812500e+00
   3.812500e+00   2.500000e-01   3.812500e+00
   3.937500e+00   2.500000e-01   3.812500e+00
   3.562500e+00   2.500000e-01   3.937500e+00
   3.687500e+00   2.500000e-01   3.937500e+00
   3.812500e+00   2.500000e-01   3.937500e+00
   3.937500e+00   2.500000e-01   3.937500e+00
   6.250000e-02   2.500000e-01   4.062500e+00
   1.875000e-01   2.500000e-01   4.062500e+00
   3.125000e-01   2.500000e-01   4.062500e+00
   4.375000e-01   2.500000e-01   4.062500e+00
   6.250000e-02   2.500000e-01   4.187500e+00
   1.875000e-01   2.500000e-01   4.187500e+00
   3.125000e-01   2.500000e-01   4.187500e+00
   4.375000e-01   2.500000e-01   4.187500e+00
   6.250000e-02   2.500000e-01   4.312500e+00
   1.875000e-01   2.500000e-01   4.312500e+00
   3.125000e-01   2.500000e-01   4.312500e+00
   4.375000e-01   2.500000e-01   4.312500e+00
   6.250000e-02   2.500000e-01   4.437500e+00
   1.875000e-01   2.500000e-01   4.437500e+00
   3.125000e-01   2.500000e-01   4.437500e+00
   4.375000e-01   2.500000e-01   4.437500e+00
   5.625000e-01   2.500000e-01   4.062500e+00
   6.875000e-01   2.500000e-01   4.062500e+00
   8.125000e-01   2.500000e-01   4.062500e+00
   9.375000e-01   2.500000e-01   4.062500e+00
   5.625000e-01   2.500000e-01   4.187500e+00
   6.875000e-01   2.500000e-01   4.187500e+00
   8.125000e-01   2.500000e-01   4.187500e+00
   9.375000e-01   2.500000e-01   4.187500e+00
   5.625000e-01   2.500000e-01   4.312500e+00
   6.875000e-01   2.500000e-01   4.312500e+00
   8.125000e-01   2.500000e-01   4.312500e+00
   9.375000e-01   2.500000e-01   4.312500e+00
   5.625000e-01   2.500000e-01   4.437500e+00
   6.875000e-01   2.500000e-01   4.437500e+00
   8.125000e-01   2.500000e-01   4.437500e+00
   9.375000e-01   2.500000e-01   4.437500e+00
   1.062500e+00   2.500000e-01   4.062500e+00
   1.187500e+00   2.500000e-01   4.062500e+00
   1.312500e+00   2.500000e-01   4.062500e+00
   1.437500e+00   2.500000e-01   4.062500e+00
   1.062500e+00   2.500000e-01   4.187500e+00
   1.187500e+00   2.500000e-01   4.187500e+00
   1.312500e+00   2.500000e-01   4.187500e+00
   1.437500e+00   2.500000e-01   4.187500e+00
   1.062500e+00   2.500000e-01   4.312500e+00
   1.187500e+00   2.500000e-01   4.312500e+00
   1.312500e+00   2.500000e-01   4.312500e+00
   1.437500e+00   2.500000e-01   4.312500e+00
   1.062500e+00   2.500000e-01   4.437500e+00
   1.187500e+00   2.500000e-01   4.437500e+00
   1.312500e+00   2.500000e-01   4.437500e+00
   1.437500e+00   2.500000e-01   4.437500e+00
   1.562500e+00   2.500000e-01   4.062500e+00
   1.687500e+00   2.500000e-01   4.062500e+00
   1.812500e+00   2.500000e-01   4.062500e+00
   1.937500e+00   2.500000e-01   4.062500e+00
   1.562500e+00   2.500000e-01   4.187500e+00
   1.687500e+00   2.500000e-01   4.187500e+00
   1.812500e+00   2.500000e-01   4.187500e+00
   1.937500e+00   2.500000e-01   4.187500e+00
   1.562500e+00   2.500000e-01   4.312500e+00
   1.687500e+00   2.500000e-01   4.312500e+00
   1.812500e+00   2.500000e-01   4.312500e+00
   1.937500e+00   2.500000e-01   4.312500e+00
   1.562500e+00   2.500000e-01   4.437500e+00
   1.687500e+00   2.500000e-01   4.437500e+00
   1.812500e+00   2.500000e-01   4.437500e+00
   1.937500e+00   2.500000e-01   4.437500e+00
   2.062500e+00   2.500000e-01   4.062500e+00
   2.187500e+00   2.500000e-01   4.062500e+00
   2.312500e+00   2.500000e-01   4.062500e+00
   2.437500e+00   2.500000e-01   4.062500e+00
   2.062500e+00   2.500000e-01   4.187500e+00
   2.187500e+00   2.500000e-01   4.187500e+00
   2.312500e+00   2.500000e-01   4.187500e+00
   2.437500e+00   2.500000e-01   4.187500e+00
   2.062500e+00   2.500000e-01   4.312500e+00
   2.187500e+00   2.500000e-01   4.312500e+00
   2.312500e+00   2.500000e-01   4.312500e+00
   2.437500e+00   2.500000e-01   4.312500e+00
   2.062500e+00   2.500000e-01   4.437500e+00
   2.187500e+00   2.500000e-01   4.437500e+00
   2.312500e+00   2.500000e-01   4.437500e+00
   2.437500e+00   2.500000e-01   4.437500e+00
   2.562500e+00   2.500000e-01   4.062500e+00
   2.687500e+00   2.500000e-01   4.062500e+00
   2.812500e+00   2.500000e-01   4.062500e+00
   2.937500e+00   2.500000e-01   4.062500e+00
   2.562500e+00   2.500000e-01   4.187500e+00
   2.687500e+00   2.500000e-01   4.187500e+00
   2.812500e+00   2.500000e-01   4.187500e+00
   2.937500e+00   2.500000e-01   4.187500e+00
   2.562500e+00   2.500000e-01   4.312500e+00
   2.687500e+00   2.500000e-01   4.312500e+00
   2.812500e+00   2.500000e-01   4.312500e+00
   2.937500e+00   2.500000e-01   4.312500e+00
   2.562500e+00   2.500000e-01   4.437500e+00
   2.687500e+00   2.500000e-01   4.437500e+00
   2.812500e+00   2.500000e-01   4.437500e+00
   2.937500e+00   2.500000e-01   4.437500e+00
   3.062500e+00   2.500000e-01   4.062500e+00
   3.187500e+00   2.500000e-01   4.062500e+00
   3.312500e+00   2.500000e-01   4.062500e+00
   3.437500e+00   2.500000e-01   4.062500e+00
   3.062500e+00   2.500000e-01   4.187500e+00
   3.187500e+00   2.500000e-01   4.187500e+00
   3.312500e+00   2.500000e-01   4.187500e+00
   3.437500e+00   2.500000e-01   4.187500e+00
   3.062500e+00   2.500000e-01   4.312500e+00
   3.187500e+00   2.500000e-01   4.312500e+00
   3.312500e+00   2.500000e-01   4.312500e+00
   3.437500e+00   2.500000e-01   4.312500e+00
   3.062500e+00   2.500000e-01   4.437500e+00
   3.187500e+00   2.500000e-01   4.437500e+00
   3.312500e+00   2.500000e-01   4.437500e+00
   3.437500e+00   2.500000e-01   4.437500e+00
   3.562500e+00   2.500000e-01   4.062500e+00
   3.687500e+00   2.500000e-01   4.062500e+00
   3.812500e+00   2.500000e-01   4.062500e+00
   3.937500e+00   2.500000e-01   4.062500e+00
   3.562500e+00   2.500000e-01   4.187500e+00
   3.687500e+00   2.500000e-01   4.187500e+00
   3.812500e+00   2.500000e-01   4.187500e+00
   3.937500e+00   2.500000e-01   4.187500e+00
   3.562500e+00   2.500000e-01   4.312500e+00
   3.687500e+00   2.500000e-01   4.312500e+00
   3.812500e+00   2.500000e-01   4.312500e+00
   3.937500e+00   2.500000e-01   4.312500e+00
   3.562500e+00   2.500000e-01   4.437500e+00
   3.687500e+00   2.500000e-01   4.437500e+00
   3.812500e+00   2.500000e-01   4.437500e+00
   3.937500e+00   2.500000e-01   4.437500e+00
         0         0   1.953125e+01   7.812500e-03
         1         0   1.953125e+01   7.812500e-03
         2         0   1.953125e+01   7.812500e-03
         3         0   1.953125e+01   7.812500e-03
         4         0   1.953125e+01   7.812500e-03
         5         0   1.953125e+01   7.812500e-03
         6         0   1.953125e+01   7.812500e-03
         7         0   1.953125e+01   7.812500e-03
         8         0   1.953125e+01   7.812500e-03
         9         0   1.953125e+01   7.812500e-03
        10         0   1.953125e+01   7.812500e-03
        11         0   1.953125e+01   7.812500e-03
        12         0   1.953125e+01   7.812500e-03
        13         0   1.953125e+01   7.812500e-03
        14         0   1.953125e+01   7.812500e-03
        15         0   1.953125e+01   7.812500e-03
        16         0   1.953125e+01   7.812500e-03
        17         0   1.953125e+01   7.812500e-03
        18         0   1.953125e+01   7.812500e-03
        19         0   1.953125e+01   7.812500e-03
        20         0   1.953125e+01   7.812500e-03
        21         0   1.953125e+01   7.812500e-03
        22         0   1.953125e+01   7.812500e-03
        23         0   1.953125e+01   7.812500e-03
        24         0   1.953125e+01   7.812500e-03
        25         0   1.953125e+01   7.812500e-03
        26         0   1.953125e+01   7.812500e-03
        27         0   1.953125e+01   7.812500e-03
        28         0   1.953125e+01   7.812500e-03
        29         0   1.953125e+01   7.812500e-03
        30         0   1.953125e+01   7.812500e-03
        31         0   1.953125e+01   7.812500e-03
        32         0   1.953125e+01   7.812500e-03
        33         0   1.953125e+01   7.812500e-03
        34         0   1.953125e+01   7.812500e-03
        35         0   1.953125e+01   7.812500e-03
        36         0   1.953125e+01   7.812500e-03
        37         0   1.953125e+01   7.812500e-03
        38         0   1.953125e+01   7.812500e-03
        39         0   1.953125e+01   7.812500e-03
        40         0   1.953125e+01   7.812500e-03
        41         0   1.953125e+01   7.812500e-03
        42         0   1.953125e+01   7.812500e-03
        43         0   1.953125e+01   7.812500e-03
        44         0   1.953125e+01   7.812500e-03
        45         0   1.953125e+01   7.812500e-03
        46         0   1.953125e+01   7.812500e-03
        47         0   1.953125e+01   7.812500e-03
        48         0   1.953125e+01   7.812500e-03
        49         0   1.953125e+01   7.812500e-03
        50         0   1.953125e+01   7.812500e-03
        51         0   1.953125e+01   7.812500e-03
        52         0   1.953125e+01   7.812500e-03
        53         0   1.953125e+01   7.812500e-03
        54         0   1.953125e+01   7.812500e-03
        55         0   1.953125e+01   7.812500e-03
        56         0   1.953125e+01   7.812500e-03
        57         0   1.953125e+01   7.812500e-03
        58         0   1.953125e+01   7.812500e-03
        59         0   1.953125e+01   7.812500e-03
        60         0   1.953125e+01   7.812500e-03
        61         0   1.953125e+01   7.812500e-03
        62         0   1.953125e+01   7.812500e-03
        63         0   1.953125e+01   7.812500e-03
        64         0   1.953125e+01   7.812500e-03
        65         0   1.953125e+01   7.812500e-03
        66         0   1.953125e+01   7.812500e-03
        67         0   1.953125e+01   7.812500e-03
        68         0   1.953125e+01   7.812500e-03
        69         0   1.953125e+01   7.812500e-03
        70         0   1.953125e+01   7.812500e-03
        71         0   1.953125e+01   7.812500e-03
        72         0   1.953125e+01   7.812500e-03
        73         0   1.953125e+01   7.812500e-03
        74         0   1.953125e+01   7.812500e-03
        75         0   1.953125e+01   7.812500e-03
        76         0   1.953125e+01   7.812500e-03
        77         0   1.953125e+01   7.812500e-03
        78         0   1.953125e+01   7.812500e-03
        79         0   1.953125e+01   7.812500e-03
        80         0   1.953125e+01   7.812500e-03
        81         0   1.953125e+01   7.812500e-03
        82         0   1.953125e+01   7.812500e-03
        83         0   1.953125e+01   7.812500e-03
        84         0   1.953125e+01   7.812500e-03
        85         0   1.953125e+01   7.812500e-03
        86         0   1.953125e+01   7.812500e-03
        87         0   1.953125e+01   7.812500e-03
        88         0   1.953125e+01   7.812500e-03
        89         0   1.953125e+01   7.812500e-03
        90         0   1.953125e+01   7.812500e-03
        91         0   1.953125e+01   7.812500e-03
        92         0   1.953125e+01   7.812500e-03
        93         0   1.953125e+01   7.812500e-03
        94         0   1.953125e+01   7.812500e-03
        95         0   1.953125e+01   7.812500e-03
        96         0   1.953125e+01   7.812500e-03
        97         0   1.953125e+01   7.812500e-03
        98         0   1.953125e+01   7.812500e-03
        99         0   1.953125e+01   7.812500e-03
       100         0   1.953125e+01   7.812500e-03
       101         0   1.953125e+01   7.812500e-03
       102         0   1.953125e+01   7.812500e-03
       103         0   1.953125e+01   7.812500e-03
       104         0   1.953125e+01   7.812500e-03
       105         0   1.953125e+01   7.812500e-03
       106         0   1.953125e+01   7.812500e-03
       107         0   1.953125e+01   7.812500e-03
       108         0   1.953125e+01   7.812500e-03
       109         0   1.953125e+01   7.812500e-03
       110         0   1.953125e+01   7.812500e-03
       111         0   1.953125e+01   7.812500e-03
       112         0   1.953125e+01   7.812500e-03
       113         0   1.953125e+01   7.812500e-03
       114         0   1.953125e+01   7.812500e-03
       115         0   1.953125e+01   7.812500e-03
       116         0   1.953125e+01   7.812500e-03
       117         0   1.953125e+01   7.812500e-03
       118         0   1.953125e+01   7.812500e-03
       119         0   1.953125e+01   7.812500e-03
       120         0   1.953125e+01   7.812500e-03
       121         0   1.953125e+01   7.812500e-03
       122         0   1.953125e+01   7.812500e-03
       123         0   1.953125e+01   7.812500e-03
       124         0   1.953125e+01   7.812500e-03
       125         0   1.953125e+01   7.812500e-03
       126         0   1.953125e+01   7.812500e-03
       127         0   1.953125e+01   7.812500e-03
       128         0   1.953125e+01   7.812500e-03
       129         0   1.953125e+01   7.812500e-03
       130         0   1.953125e+01   7.812500e-03
       131         0   1.953125e+01   7.812500e-03
       132         0   1.953125e+01   7.812500e-03
       133         0   1.953125e+01   7.812500e-03
       134         0   1.953125e+01   7.812500e-03
       135         0   1.953125e+01   7.812500e-03
       136         0   1.953125e+01   7.812500e-03
       137         0   1.953125e+01   7.812500e-03
       138         0   1.953125e+01   7.812500e-03
       139         0   1.953125e+01   7.812500e-03
       140         0   1.953125e+01   7.812500e-03
       141         0   1.953125e+01   7.812500e-03
       142         0   1.953125e+01   7.812500e-03
       143         0   1.953125e+01   7.812500e-03
       144         0   1.953125e+01   7.812500e-03
       145         0   1.953125e+01   7.812500e-03
       146         0   1.953125e+01   7.812500e-03
       147         0   1.953125e+01   7.812500e-03
       148         0   1.953125e+01   7.812500e-03
       149         0   1.953125e+01   7.812500e-03
       150         0   1.953125e+01   7.812500e-03
       151         0   1.953125e+01   7.812500e-03
       152         0   1.953125e+01   7.812500e-03
       153         0   1.953125e+01   7.812500e-03
       154         0   1.953125e+01   7.812500e-03
       155         0   1.953125e+01   7.812500e-03
       156         0   1.953125e+01   7.812500e-03
       157         0   1.953125e+01   7.812500e-03
       158         0   1.953125e+01   7.812500e-03
       159         0   1.953125e+01   7.812500e-03
       160         0   1.953125e+01   7.812500e-03
       161         0   1.953125e+01   7.812500e-03
       162         0   1.953125e+01   7.812500e-03
       163         0   1.953125e+01   7.812500e-03
       164         0   1.953125e+01   7.812500e-03
       165         0   1.953125e+01   7.812500e-03
       166         0   1.953125e+01   7.812500e-03
       167         0   1.953125e+01   7.812500e-03
       168         0   1.953125e+01   7.812500e-03
       169         0   1.953125e+01   7.812500e-03
       170         0   1.953125e+01   7.812500e-03
       171         0   1.953125e+01   7.812500e-03
       172         0   1.953125e+01   7.812500e-03
       173         0   1.953125e+01   7.812500e-03
       174         0   1.953125e+01   7.812500e-03
       175         0   1.953125e+01   7.812500e-03
       176         0   1.953125e+01   7.812500e-03
       177         0   1.953125e+01   7.812500e-03
       178         0   1.953125e+01   7.812500e-03
       179         0   1.953125e+01   7.812500e-03
       180         0   1.953125e+01   7.812500e-03
       181         0   1.953125e+01   7.812500e-03
       182         0   1.953125e+01   7.812500e-03
       183         0   1.953125e+01   7.812500e-03
       184         0   1.953125e+01   7.812500e-03
       185         0   1.953125e+01   7.812500e-03
       186         0   1.953125e+01   7.812500e-03
       187         0   1.953125e+01   7.812500e-03
       188         0   1.953125e+01   7.812500e-03
       189         0   1.953125e+01   7.812500e-03
       190         0   1.953125e+01   7.812500e-03
       191         0   1.953125e+01   7.812500e-03
       192         0   1.953125e+01   7.812500e-03
       193         0   1.953125e+01   7.812500e-03
       194         0   1.953125e+01   7.812500e-03
       195         0   1.953125e+01   7.812500e-03
       196         0   1.953125e+01   7.812500e-03
       197         0   1.953125e+01   7.812500e-03
       198         0   1.953125e+01   7.812500e-03
       199         0   1.953125e+01   7.812500e-03
       200         0   1.953125e+01   7.812500e-03
       201         0   1.953125e+01   7.812500e-03
       202         0   1.953125e+01   7.812500e-03
       203         0   1.953125e+01   7.812500e-03
       204         0   1.953125e+01   7.812500e-03
       205         0   1.953125e+01   7.812500e-03
       206         0   1.953125e+01   7.812500e-03
       207         0   1.953125e+01   7.812500e-03
       208         0   1.953125e+01   7.812500e-03
       209         0   1.953125e+01   7.812500e-03
       210         0   1.953125e+01   7.812500e-03
       211         0   1.953125e+01   7.812500e-03
       212         0   1.953125e+01   7.812500e-03
       213         0   1.953125e+01   7.812500e-03
       214         0   1.953125e+01   7.812500e-03
       215         0   1.953125e+01   7.812500e-03
       216         0   1.953125e+01   7.812500e-03
       217         0   1.953125e+01   7.812500e-03
       218         0   1.953125e+01   7.812500e-03
       219         0   1.953125e+01   7.812500e-03
       220         0   1.953125e+01   7.812500e-03
       221         0   1.953125e+01   7.812500e-03
       222         0   1.953125e+01   7.812500e-03
       223         0   1.953125e+01   7.812500e-03
       224         0   1.953125e+01   7.812500e-03
       225         0   1.953125e+01   7.812500e-03
       226         0   1.953125e+01   7.812500e-03
       227         0   1.953125e+01   7.812500e-03
       228         0   1.953125e+01   7.812500e-03
       229         0   1.953125e+01   7.812500e-03
       230         0   1.953125e+01   7.812500e-03
       231         0   1.953125e+01   7.812500e-03
       232         0   1.953125e+01   7.812500e-03
       233         0   1.953125e+01   7.812500e-03
       234         0   1.953125e+01   7.812500e-03
       235         0   1.953125e+01   7.812500e-03
       236         0   1.953125e+01   7.812500e-03
       237         0   1.953125e+01   7.812500e-03
       238         0   1.953125e+01   7.812500e-03
       239         0   1.953125e+01   7.812500e-03
       240         0   1.953125e+01   7.812500e-03
       241         0   1.953125e+01   7.812500e-03
       242         0   1.953125e+01   7.812500e-03
       243         0   1.953125e+01   7.812500e-03
       244         0   1.953125e+01   7.812500e-03
       245         0   1.953125e+01   7.812500e-03
       246         0   1.953125e+01   7.812500e-03
       247         0   1.953125e+01   7.812500e-03
       248         0   1.953125e+01   7.812500e-03
       249         0   1.953125e+01   7.812500e-03
       250         0   1.953125e+01   7.812500e-03
       251         0   1.953125e+01   7.812500e-03
       252         0   1.953125e+01   7.812500e-03
       253         0   1.953125e+01   7.812500e-03
       254         0   1.953125e+01   7.812500e-03
       255         0   1.953125e+01   7.812500e-03
